8 8 8 0069960000000000 0060060000900900
8 8 12 4444000000008888 0480800408404008
8 8 14 0011440000441100 0201080402010804
8 8 16 1144000088220000 2001100220011002
8 12 12 000a00a0000a00a0 000a500041224482
8 12 14 0003030000030300 1190420044068100
8 12 16 0802208001044010 2200189006420011
8 12 18 2882000000008228 81004850180021a0
8 12 20 0202040440402020 040810202010070b
8 14 14 05000050000aa000 04262301028a8008
8 14 16 0810018002400420 050c009005c000a3
8 14 18 0000000011881188 40a80e2540020180
8 14 20 8118000000004224 0d02492010100198
8 14 22 0000484800002121 0003841184d200c0
8 16 16 0012002148008400 0030124b60508224
8 16 18 0018810000422400 201c08080ea42940
8 16 20 0102408020100804 0390036003090c09
8 16 22 0000690069000000 512a02104007200e
8 16 24 2008100408200410 1141a660a0008148
8 18 18 00a50000005a0000 2205123522501260
8 18 20 050a00000000a050 191002628a40c498
8 18 22 4080408002010201 20b0c4010152d920
8 20 20 0014008214008200 15254cb094a40102
12 12 12 9189024040021008 d0084001400e2008
12 12 14 100820c831400180 308822c048000012
12 12 16 010804310108c802 0220260480089810
12 12 18 2a02041004102a02 200e0b8010020840
12 12 20 8604200804106120 2806840000840628
12 12 22 0810a12010088504 5101208001042a20
12 14 14 4160b19084008400 0960990000000906
12 14 16 0104980402080291 01342a1086800801
12 14 18 48a0280c88602400 a90c0000c0650000
12 14 20 4400180900880624 40404c8058940101
12 14 22 10a10410b0540140 0014120960128200
12 16 16 200402b0850458b0 08700220011004b0
12 16 18 0009418400061421 09035356005000a0
12 16 20 1320804c01010404 01c8046808640234
12 18 18 ad10341008e00886 1106240088602400
14 14 14 181800001441590c 087002130440012c
14 14 16 00e800240c82c082 00c009930c005006
14 14 18 0048885930441200 40c41c0108400e20
14 14 20 10c1200140cb8004 215000240ae24200
14 16 16 18b4600044e80060 4818050041880360
14 16 18 1103004850188290 10a8405240918602
16 16 16 40b004aea1044040 205401ec91404008